0 2.88452 2.89522
1 2.74587 2.76994
2 2.65163 2.68641
3 2.57679 2.6207
4 2.51329 2.56526
5 2.4575 2.51676
6 2.40749 2.4734
7 2.36211 2.43414
8 2.32058 2.39828
9 2.28235 2.36532
10 2.24702 2.3349
11 2.21427 2.30673
12 2.18384 2.28059
13 2.15551 2.25628
14 2.12911 2.23365
15 2.10446 2.21255
16 2.08144 2.19287
17 2.05991 2.1745
18 2.03977 2.15733
19 2.02092 2.14129
20 2.00327 2.12629
21 1.98673 2.11227
22 1.97123 2.09915
23 1.9567 2.08688
24 1.94308 2.0754
25 1.9303 2.06465
26 1.9183 2.05459
27 1.90705 2.04518
28 1.89649 2.03637
29 1.88657 2.02812
30 1.87727 2.02039
31 1.86852 2.01316
32 1.86031 2.0064
33 1.8526 2.00006
34 1.84536 1.99413
35 1.83855 1.98857
36 1.83215 1.98338
37 1.82614 1.97851
38 1.82049 1.97395
39 1.81518 1.96969
