0 2.93962 3.01025
1 2.75403 2.84006
2 2.63852 2.73645
3 2.54996 2.65808
4 2.4761 2.59326
5 2.41188 2.53723
6 2.35475 2.48758
7 2.30318 2.4429
8 2.25619 2.4023
9 2.21311 2.36516
10 2.17342 2.33102
11 2.13674 2.29953
12 2.10274 2.2704
13 2.07116 2.2434
14 2.0418 2.21835
15 2.01444 2.19506
16 1.98893 2.1734
17 1.96511 2.15322
18 1.94287 2.13443
19 1.92207 2.1169
20 1.90261 2.10056
21 1.8844 2.0853
22 1.86734 2.07106
23 1.85136 2.05776
24 1.83638 2.04534
25 1.82234 2.03373
26 1.80916 2.02288
27 1.7968 2.01275
28 1.7852 2.00327
29 1.77431 1.9944
30 1.76408 1.98611
31 1.75448 1.97836
32 1.74545 1.97111
33 1.73697 1.96433
34 1.729 1.95799
35 1.72151 1.95206
36 1.71446 1.9465
37 1.70783 1.94131
38 1.7016 1.93645
39 1.69574 1.93191
